15215
18003
15210
19377
22116
21531
23686
22407
15216
24736
18611
19451
23332
19636
11326
24089
23454
17101
24528
17556
19560
23173
14340
23334
16637
11505
14380
18439
11323
16492
23065
11506
12993
11325
11322
19450
14579
19480
21511
15145
14466
11324
13710
23335
16337
13626
21035
18360
11146
11148
11145
23369
12554
18228
19218
23636
23331
19296
15144
18362
19341
23875
18359
18363
18306
24963
11143
16188
23300
19584
21657
14339
21472
19457
11147
24404
24615
24961
24405
24669
24766
19193
23069
24531
24645
24556
24823
19194
24557
16063
22660
17799
17893
23504
16058
22460
20190
23792
22459
4169
24701
24700
21595
20168
14718
20707
23277
16932
18444
22873
24239
20718
16595
24221
24541
22188
22531
20448
18039
21832
24222
23278
24124
18450
20802
22315
22391
24492
16596
23468
16544
21593
20125
14715
24226
13898
11712
18634
23684
22212
21736
22092
10544
23273
11639
20085
15254
12094
24084
24791
24603
5009
23695
21339
24846
12513
12265
14717
24460
20038
14716
10015
21594
15259
7277
16871
14023
14022
14021
24135
22029
20176
14316
19443
16504
24232
16503
22829
16031
22817
16448
24414
22648
18799
19461
15479
20266
18841
24790
22111
15639
18589
20174
23430
17453
16205
24622
16195
13459
15013
22263
18840
20025
3491
23981
23809
22557
21603
24844
18158
18809
22035
22034
18433
22732
19521
23605
18844
23519
22242
19487
22075
19468
22710
24384
18808
16424
22101
24302
16488
23880
22664
22582
22543
9999
22379
22831
21909
16421
22497
22544
14515
22598
16366
20261
23594
21393
22310
19530
19836
16413
19446
24418
22151
19532
18846
19498
19447
19490
19500
16397
19531
16417
24457
16415
20809
24760
24109
22775
24319
23364
19528
24388
19486
21396
24987
19473
25049
22150
16423
24988
22845
24101
22298
22309
24436
18960
19555
20105
19552
24675
22603
25048
24975
20035
24485
24973
24898
25060
25047
24484
19520
16432
24734
24287
22438
19705
19675
19914
16093
19581
19606
19660
19600
19961
24068
23687
19877
23845
21959
19965
19577
19603
19666
22406
20827
20106
19725
19597
19641
22404
19964
24599
19913
19656
24551
19683
19605
24255
24393
19797
24582
22715
19730
19859
22232
25201
19419
24005
19880
22389
12630
19582
19879
19726
19759
19806
25218
16107
22451
20773
19392
23755
21572
15242
19960
19959
23088
24935
19829
15016
21574
25034
25191
21573
21575
21652
24746
25250
25229
23003
24826
22989
23863
25249
19013
22383
25005
22988
18024
24825
23074
19343
24868
25055
25199
24902
21971
25240
25100
25111
24697
21103
22750
23071
20914
22987
20870
20871
23219
21101
19030
22846
25256
18025
25222
25251
12483
25252
24905
25221
22934
22985
24067
25254
20872
25255
25223
22751
20890
24395
24991
23009
25228
18031
22986
24824
25327
25340
25329
25317
24906
23020
25328
25322
25308
25350
25343
25339
25235
25324
25347
25318
25316
25323
25320
23232
25344
25321
25315
25330
25331
25307
25326
25361
25309
25306
25338
11125
25333
9747
25335
25336
25341
25362
25319
25360
25346
25348
25345
21063
24670
19164
22949
24693
24749
22801
24443
24784
19162
24925
24311
24924
24903
24692
22975
24893
24804
25050
25119
23007
25054
24965
25058
24034
24986
25109
22958
24795
24748
25193
25202
25136
25293
24773
25364
25272
25210
25300
21094
25286
22959
24881
25355
25294
23004
24783
21062
24907
24806
21410
21412
23497
23635
19558
22175
22172
19361
18424
23634
22577
25102
20874
24397
19149
24271
18422
21409
19408
21470
21343
24270
18448
23450
21398
21417
25161
24278
21414
21803
24236
22573
21801
24234
24233
16818
17627
22571
22322
21735
20746
16255
24240
17632
24745
21612
24235
23621
22572
22413
24709
22570
24238
23291
17625
24897
21804
17626
24237
22575
22574
21802
23481
16508
24976
24945
24814
23656
24094
24198
16388
23651
23758
21704
23660
22372
6584
23898
21741
24356
24241
22815
8327
23897
20327
23899
23837
15909
18562
25296
22252
12887
22627
10793
24010
22410
11140
24831
18341
13531
23639
23619
24019
22578
24883
22553
25207
25172
24309
25213
23756
25194
25211
24962
25192
25176
24228
25196
25216
25214
25127
24392
23960
23160
24071
23524
25226
25146
19512
21164
23162
21137
21134
21136
21130
21167
21158
21161
21160
21131
21125
25358
14183
21905
23253
18425
23846
17652
17651
16382
14381
16785
22052
17579
23309
16850
22224
16788
17227
13953
16441
3977
23909
23525
23417
21983
16409
16977
20738
23252
21658
3954
23283
20091
17259
17629
18916
23014
24145
24138
16410
12463
20092
10918
17258
16402
20792
24090
21651
22107
20361
10183
17134
23452
16383
22042
18917
23294
12819
21218
19444
23390
22507
22020
14144
22173
22621
24274
24474
12475
24875
24003
22788
24850
21521
23351
11511
22797
23354
22794
22790
22795
22792
23355
22789
25112
23353
24851
22791
25115
23352
24849
23113
23112
23114
25403
23119
25404
25432
23125
23115
23118
23121
23120
19099
24345
20925
23203
15993
19062
19059
23220
24637
21071
19176
24964
19112
19054
17962
17869
15972
19128
16166
19067
14270
19063
19096
19064
24269
19075
24266
19141
19116
19049
23473
20691
20131
21476
19072
19055
15989
22084
19131
25352
19084
18160
19151
22226
19090
19117
24530
19103
15991
19098
22552
21169
22390
25145
19082
14277
17624
19086
21996
20043
24033
19048
21972
22114
19104
24279
17965
17844
19101
19091
19242
21056
22044
18026
19074
17870
17875
19119
19058
19056
19079
17873
19052
19115
15966
19068
22586
20974
19152
24310
14278
18338
16000
15965
21089
19342
19102
19106
19076
19292
17861
19081
24478
19121
17713
12560
20732
19111
22941
24399
19109
19105
19110
19094
25225
20965
20912
20963
15975
23015
20237
19073
19120
19088
24446
20985
21030
19256
20135
20329
19257
19095
21034
19047
23205
19093
20954
22017
22998
19043
19139
21097
19100
19147
23800
19044
19148
19234
19087
24554
19071
19065
21455
19053
19083
20972
23486
23158
20265
24032
22590
23576
24308
23478
21031
23161
19097
19211
20936
19061
17881
24928
17860
15996
19066
17871
21044
21087
19060
21028
22657
17257
19908
19207
19170
19183
19153
22897
24264
22666
24307
19180
20685
19181
19185
20908
11047
24802
19182
24803
19217
19177
24750
23471
23653
19213
12190
19154
12189
24600
22847
16660
3208
22323
20139
20140
19953
12651
20129
15947
16970
18672
20130
4951
12656
24039
18848
3825
16837
10099
5389
24594
6281
22965
4358
3766
20710
3081
12087
19728
18445
11365
21579
10246
23737
15477
14835
201
11794
18625
13604
22256
8081
16647
202
17460
7613
12767
18312
14254
8499
22258
2844
23766
16817
23942
14436
24286
9743
23948
24247
23940
12841
13517
5661
22081
18421
3666
13968
7156
18420
22120
9695
10111
24154
20679
12604
24431
22295
10523
10984
13910
7716
14584
22265
6174
20775
15186
18291
12889
15461
17062
18538
13099
15135
10369
23868
24666
14855
14624
11980
15058
11529
12241
23572
23947
23950
23941
9040
13277
16235
11380
11337
13303
11334
21611
14295
16234
11335
16401
11336
11379
19510
22535
22549
19516
16400
13171
11333
15305
21936
16326
22498
13276
20799
17176
13281
16321
23895
14863
23896
5285
22740
22472
22030
22533
22082
19198
9887
22813
16795
5325
22676
23441
11770
18253
19299
9324
11546
7832
5828
20406
18819
20319
20320
542
8039
6373
22342
9220
21786
14917
3526
8472
24079
19298
12997
7460
6372
17600
9432
358
7831
7767
14996
359
20331
19866
19888
20353
7833
6436
14531
24767
7835
12765
7834
21868
23929
6325
13125
5363
13641
9600
21788
15091
23838
19653
24578
21444
21525
21380
22124
15303
10789
15046
5921
9881
7553
24848
25
4625
4947
5498
4628
9513
8624
5218
15157
4153
4348
9894
21325
21808
14921
5011
72
20824
8894
12675
19900
9254
24596
24176
50
51
48
5390
24351
49
24777
20360
24434
24433
22471
24216
19812
23564
24652
21990
23365
23796
21980
23301
24635
22037
10673
24754
9247
20381
6282
13046
24006
10006
10298
24819
22566
23302
19634
20491
20500
20586
20598
20588
20625
20524
20439
20626
20486
20487
20629
202302331
20505
202302329
20541
202302337
20506
20616
202302332
202302334
23836
16481
23692
23460
23279
14259
21483
18340
21812
23212
14770
23304
23930
5214
22047
11920
24105
9656
14298
23642
596
6357
23393
23810
11898
16898
21626
18271
24411
20367
20720
14323
18715
17094
21316
14318
16236
23157
23346
20373
20163
7316
13219
15034
23159
8872
23512
23808
19862
8375
20392
21776
4943
24123
6286
4998
19727
21027
21964
21326
8367
6949
3470
14493
8625
25129
24381
18134
18133
24689
22904
20791
13050
19752
22040
18466
22357
23543
18373
19514
19639
24610
24150
19631
14525
18309
18504
9448
23224
22943
21366
5206
8381
7593
23051
23292
14417
23641
12516
20326
14969
3791
4345
4475
18233
13356
16026
23229
23230
19655
6165
23649
23223
22100
16177
13223
24821
21940
18247
16886
19505
13981
11311
524
21376
11099
24426
22297
21516
7610
10023
9614
21454
6038
12635
4950
23540
12804
23425
7854
20370
20368
7390
23841
20366
20383
12492
13190
15385
17835
20405
7641
8404
21781
14473
23222
24057
7128
9784
23287
22446
7175
16533
12869
14300
7303
16887
24944
16532
16283
22994
21419
21402
11039
15453
11201
9657
23691
16306
19896
19819
13217
13215
21925
21227
13218
23878
13216
21463
16276
24409
23734
22330
5773
11285
21239
20422
13084
9164
9367
22529
23676
12778
3650
15171
20167
22567
18365
13089
10092
14129
21303
19743
23696
1622
9892
24041
10809
24111
24298
20355
16687
24218
23997
6016
9261
8097
14535
22321
16192
22687
9266
4262
14968
24312
15097
15146
7159
8606
23673
7609
4216
24664
3848
9049
23280
8380
22105
5015
18263
5131
11128
18142
12499
11212
23251
22650
24730
14338
16884
14496
24142
6226
24029
3796
2818
11695
23975
9073
16540
19069
16270
22200
23840
5178
18602
14691
4234
16922
22554
18996
18052
22006
4991
17476
23374
389
16439
24128
17477
23377
5233
10001
14575
24177
19642
3583
15008
19876
24220
8479
16943
17709
20123
7988
22742
23541
21814
23376
22685
6390
20337
13381
23741
24521
9450
8194
23848
5709
9770
23456
11525
20127
20257
18381
20124
21774
13100
19434
9338
10216
17394
13463
8535
17219
14253
8582
20714
14597
12096
16839
16774
1885
8094
20675
10358
21358
22682
13804
4924
20241
19630
17548
20447
22565
19832
16598
24227
23362
7080
16067
194
23566
15317
3804
7953
17682
23567
23648
9064
7518
8630
5262
2930
17774
15360
7729
20343
16537
23568
18835
19873
12655
24158
23565
23553
392
24977
354
20342
9530
16862
7039
24225
6383
11534
6417
11112
19458
19818
14315
21587
18264
14607
13599
18442
17080
19890
13353
20194
293
8395
22202
22761
23263
7
15167
7393
18230
23495
7631
24508
14052
5014
23818
24028
11804
6633
23888
18697
21310
9830
4451
23382
7519
5904
6341
24179
226
607
24159
6406
369
6652
519
13270
22022
23807
21828
24163
8702
5225
24463
21929
12882
4970
13621
17150
6158
19640
7278
965
24262
24219
14169
3749
4634
22254
24579
11500
24420
12718
22777
23928
12118
14971
10452
12134
8095
23669
12838
20005
23218
15304
21459
3116
19969
20690
5899
4104
15677
21618
20514
22436
18099
11260
24829
22250
3479
14108
13022
15403
17483
24978
17153
24759
6382
5115
24194
24581
24972
14659
8969
3746
11561
10448
23239
15689
24970
24940
18793
24065
19942
24943
16629
24817
24120
13879
23546
15289
17973
24968
17190
24333
7224
21430
23476
24768
23738
24971
24590
23477
11308
24591
22913
20771
15755
17969
19970
22249
19541
24770
21818
24837
12035
5196
25014
9650
15668
4774
24761
17703
18813
18843
5518
20189
13965
12377
16008
12923
20188
18221
18978
8699
18366
25237
21503
10820
20301
130
23658
23366
24611
7034
23535
10132
40
13251
24467
8942
23367
19462
24201
10179
22218
16764
14707
23765
15297
14708
23830
18147
23831
23313
23873
16626
18699
16760
5158
23514
16333
21313
450
16759
17156
641
24008
20022
16724
23812
21922
4361
15006
22367
22474
22690
3101
24242
23571
17015
3839
409
506
24702
15858
23979
13093
24257
21944
14226
17115
516
18522
3830
11706
14725
3123
21320
24688
8798
23719
18385
18145
14447
18317
16312
22127
22158
8859
9214
19388
20358
11774
9944
23937
16465
10583
20357
17986
11172
19916
24304
10276
15052
22126
20397
24342
12585
20324
14384
10584
8796
20865
19803
9277
15065
9800
24085
23740
22012
20344
17288
14765
24632
5070
15033
17305
21527
21510
9930
16249
21528
21440
10650
6090
24376
7017
11434
18518
2425
2845
25002
21477
12600
9175
11619
19954
13624
14850
19895
21584
6433
24045
1369
4997
3846
7719
19442
10830
14431
18619
21882
10366
3888
5125
9986
16484
21498
5467
16391
9110
9987
24573
6322
21884
6321
13233
10130
24251
10022
24000
11204
20723
7477
14673
19400
14976
18172
19785
18258
20574
19885
7341
7592
9013
21588
8996
4717
14989
4228
18747
16290
17197
8617
6323
4227
20309
14393
17333
5979
15522
6988
8433
16436
24377
2858
10158
14682
6278
10537
9206
14778
22160
23993
14887
22301
16838
16633
18560
18556
18553
18520
14471
14468
21628
18554
22023
14101
16344
15156
15290
16282
12689
18557
16346
16906
16632
19998
12687
14116
16631
12694
112
16345
14943
14100
14470
525
23509
4327
22
11127
21915
14750
12769
4232
7482
24428
10458
17005
8875
4100
16757
5100
11364
7153
6047
23638
7373
11750
19987
22581
18597
18014
21721
19751
16796
18434
17421
3819
2993
4221
24316
18389
16585
22327
23491
23174
19917
15500
24210
1002
14821
13245
10219
11347
17456
12864
9686
9785
17241
21183
15173
20172
21184
5898
19571
7673
18443
24671
5161
18009
11562
6175
8741
24106
8740
16374
23402
20062
24056
14825
22536
9378
13088
23562
6962
23905
23570
20423
7438
22517
23803
24132
20059
17445
17063
20060
20066
20061
20076
20311
18883
20064
20065
20063
15236
24425
23647
23657
23646
24121
23407
16754
11384
24122
20024
18098
8930
16010
9566
21627
24352
8824
17114
17116
15523
20077
17111
22131
19952
12999
24100
19714
6625
24296
8988
7400
8813
11721
7196
22479
8672
6093
22380
6603
21823
10139
12863
7495
8588
11142
20097
14736
6420
13460
10383
7247
13206
9203
23894
7248
5445
5975
20404
24012
7880
15201
6661
19715
9968
22505
8008
15480
8922
10656
22046
11834
6252
4156
7130
13352
9215
13415
24592
4324
5913
3788
24129
4150
11418
20307
24843
6121
6499
8732
5153
5143
4175
10110
7110
9925
6189
21495
10107
6072
6458
10082
18482
12168
5062
10602
12745
15055
4443
8696
22064
23971
4177
4237
20349
8743
367
13532
22189
7823
22187
18200
14568
18397
24572
13085
10435
24438
19415
14172
18527
12783
9974
24358
3609
21718
24662
16736
6147
22425
14452
13416
13186
14375
5126
18050
21948
7332
19368
10185
7491
21311
6025
6546
23791
21746
3738
10069
15071
9973
8649
8887
6662
19926
6600
19686
19984
23814
7259
7924
18139
9978
19687
21892
8807
7841
24711
24586
7258
19685
7229
21903
21900
19394
19978
24629
14840
21634
12971
14371
14204
22146
10303
21426
16989
15031
24755
24602
15094
18328
3216
3507
22190
9410
22267
23427
19648
17567
22268
25121
4965
8728
7030
14422
24731
23428
13699
22266
23420
11822
20674
24969
24658
17403
22272
13829
20676
23440
22213
24657
23996
14401
24818
15282
20208
22525
23967
23645
11139
24213
18523
15118
10091
10415
9113
24299
12051
14475
24108
22896
24007
5495
18766
23523
5072
24533
11848
10138
10630
5199
5037
19575
8907
6200
13193
16971
12682
18255
22139
6198
15321
16033
17023
18149
12606
11392
23689
19652
12982
10836
19757
10635
17576
19508
24588
21350
23408
23349
22499
24300
11235
14469
21824
16277
24074
8648
16244
9788
14723
14167
8899
15005
21592
9189
23690
21930
6596
13594
15387
11177
15356
17301
7627
7715
24149
8698
16038
24735
10505
22864
18093
6206
13365
24060
23469
15410
19938
10254
7129
15020
8620
24030
16751
5187
10421
9929
12868
2923
17335
10420
10093
14683
19168
21333
24546
13295
8578
22132
13377
12014
21478
8971
11959
22871
17994
18174
10621
9864
8149
18505
22331
15455
11329
10755
535
6190
6194
14954
11130
3537
7193
21945
21751
22068
22049
8791
19366
8793
22067
11262
22069
12231
14596
13246
8435
22066
21624
22444
13750
13414
24289
4366
11992
14084
11272
8272
19932
17012
18638
20689
21931
6518
24044
19383
10721
24549
17039
12130
24102
24202
15301
19841
8417
19228
24127
14491
21623
23626
4444
24676
18208
20694
11225
19989
16515
12611
4949
7842
14727
22502
18865
4537
23914
6133
24762
24199
24280
9637
8703
8647
9661
18380
6448
19824
21590
14901
18658
10703
11526
20143
9768
14374
22089
23977
16302
20310
18393
21602
18388
13017
23819
14664
21821
8956
22032
11200
18280
23264
23798
21373
15284
15202
23286
10560
8227
3565
23248
7571
7245
1
19411
15626
20748
13406
11460
23461
23256
24605
14273
24357
9006
15089
13848
17142
15943
15643
23076
17298
5897
14853
5710
13620
14864
16921
3737
17345
22618
20409
4096
5060
16704
6032
23984
21968
9326
10912
19460
20808
21877
19397
9480
19556
5276
24256
4029
133
5273
16021
8379
11359
24415
18754
16369
18153
24283
8245
24410
16773
24285
24284
8532
19667
23610
24282
10331
22489
4410
24728
9725
6040
18524
12566
24413
12589
21782
14875
21913
14666
18438
6308
24173
8148
20696
22059
4466
6055
5436
24873
17218
21332
24787
11729
6079
19382
14788
11617
13550
24786
11618
24466
23609
16714
23606
8492
13647
13106
8579
23858
23607
7305
14015
20142
8603
5237
21427
23608
12326
24441
21363
23777
21564
19561
18968
18969
25105
18964
25082
25089
20804
25092
25091
18965
22307
22305
6255
20803
25081
22302
25083
18966
25094
25080
25078
25088
25069
25098
25099
25087
22055
22303
25090
25093
18967
22308
22056
13702
5618
9133
22288
15397
9476
15722
11714
15547
11228
15510
14951
8513
6494
13028
20101
11855
5960
23618
23832
16646
9499
10024
13917
11193
24371
12740
7792
24051
15229
10540
13754
9087
23392
15322
16220
24320
23411
23563
8733
11531
23588
21353
19250
22313
5292
17401
16125
20348
13885
7911
6482
20377
7772
7837
20882
19436
23410
10698
13335
11940
22091
23599
18092
10484
23380
20881
23597
10255
10644
7643
17064
7253
7252
14739
23554
7693
15555
8531
10280
20225
6294
8777
16297
12294
14001
8593
11231
12379
23439
14005
15719
7085
15104
14010
13462
14757
12876
19925
16883
15004
14706
11717
18474
5559
13417
21791
14670
15486
22918
10035
17155
17181
12862
24053
21453
15638
6134
20332
14158
22415
10016
14638
15353
11254
10645
21456
23870
23587
11691
7031
14790
11129
15182
9819
8580
5663
14018
9895
21340
21672
10180
8646
10136
15465
10615
16671
10477
16607
8027
20245
23856
9931
10653
10474
24360
16408
7360
8533
14623
5411
19679
23600
16464
5954
15270
22291
11846
9933
21331
15357
10723
8656
11266
10104
10031
5385
23391
19940
23623
5386
12845
10309
23711
13533
15339
9376
16204
6283
24259
15344
8529
17283
19429
15406
11786
5980
22906
20033
18975
17772
14933
13998
20282
20852
15834
15835
14759
24024
17290
22757
24771
14009
24025
13996
10210
14007
14775
20853
24080
24023
16627
24042
20901
17725
21115
16523
11244
14109
22300
5957
21615
13684
14649
24088
11181
8478
23578
22738
10262
23624
23446
7047
12890
23583
23805
10601
5289
12722
12337
23952
21383
10844
16273
24369
7689
16355
7065
24368
10779
21914
7255
24200
20299
15815
22368
10818
22885
24049
23027
5384
21906
8932
5383
11317
22154
12549
21860
16536
15206
5976
24361
21482
23625
23582
17207
8239
23579
7215
16668
17768
12327
10538
22373
8688
17189
22881
5291
13733
13118
23591
7045
19923
17415
17975
7140
19692
23026
24253
23592
15354
21998
17224
22537
13002
12113
15358
10137
8845
17104
15447
8487
23168
13643
10062
17710
13598
13284
17770
11999
24050
21789
24370
20935
24052
15404
15256
23106
19787
17349
12085
17533
7048
17066
12181
12548
8133
11520
24493
16734
14815
12111
14937
14938
12459
14033
14939
23712
21522
14936
21518
10803
13882
24076
17462
12303
23857
14941
14944
14403
10805
18954
12603
15399
23373
21622
22882
9020
23833
22602
7043
23834
13019
20511
22601
22134
20512
23596
11276
14066
21790
21687
23445
23479
9028
23590
10164
23416
15471
14040
16957
20247
20248
15814
11861
24654
20159
8621
20246
18989
19948
20252
19949
23853
15078
16742
17993
16808
10812
7049
21857
21855
21766
23710
21491
15191
10735
9297
6811
23986
8734
21537
7668
21859
23859
13667
15119
10552
12362
8142
15411
8511
24022
15120
23709
9458
13666
19770
23584
20294
13781
23589
18535
24246
21606
16232
10430
24118
19706
19423
24015
21842
19424
7588
23363
3763
12761
21305
24836
21907
10273
7897
11206
23245
7896
22239
7900
7000
17017
8962
22264
24367
23531
24487
22072
11270
22074
20053
20054
15369
21567
17287
5962
24366
14091
20052
9801
17238
17240
20037
19865
18082
17221
22376
23296
13247
23815
6699
16917
24534
21625
24535
15295
20220
22181
16479
20107
22253
13603
18167
17127
18487
23681
24172
23544
9415
18473
22130
21631
11612
19595
22352
22350
15425
19594
16849
8101
22349
19566
21835
11609
11608
11175
16847
14556
9205
10617
7231
24292
18748
6708
23620
7281
12660
18749
18750
23768
23779
11117
18555
23467
23739
22161
22178
16981
24187
22162
24062
22110
4650
24303
12045
23480
5713
14672
12649
11586
24453
10468
9617
11873
19892
10077
3558
19845
9536
17178
16539
24329
15183
20150
11409
13546
13076
24182
18018
11413
12591
11412
10238
22353
7288
2887
16842
8636
14434
22351
21475
8637
20032
7290
24183
7898
21986
11838
7899
8034
22292
23601
22193
13226
4509
3764
23924
14931
19815
18464
18463
13306
21858
24011
9960
10127
18775
23595
23414
23679
21487
21485
11102
12381
9849
13737
16309
8136
3409
13399
18245
21806
13435
7532
22093
20181
5422
16225
11457
23785
20391
21392
14213
19996
23957
11908
21536
21692
7095
9034
14995
24301
24547
21677
14959
9102
6547
9808
9103
10173
24054
18415
22325
24281
22363
14919
23284
23757
3620
7139
24086
4193
17214
20378
9579
4194
7961
3665
11965
20298
5907
5906
13132
8461
17206
5905
4964
5439
12427
11203
22806
5119
24385
3658
3592
5095
19838
19448
10265
14867
10106
408
12896
3505
18118
11191
23250
23573
7951
5155
16498
6387
9905
406
5118
10588
5248
19950
21682
10868
23424
14690
23534
2867
23992
13032
12565
7424
19951
21984
11514
5108
16939
23622
16709
22083
21225
2866
23991
2408
23988
21433
14963
24468
23775
16708
18600
23982
23962
16713
18599
23989
4982
6285
11539
5404
5703
14257
23243
9027
9072
7547
288
8895
20182
13051
19968
23242
13312
7525
18002
8671
14199
17637
7403
16303
6889
23494
22090
24430
13337
22551
5893
18063
8856
6168
23970
23307
11659
10123
7678
16506
20323
11678
13092
14742
22912
12272
20217
17341
6205
22426
24061
12390
22911
6556
9298
19795
16151
21585
24923
23994
8651
14627
24244
6704
10191
8803
6516
23628
16489
13176
8690
12389
6273
24706
23577
14800
23394
14236
13432
8772
23521
24340
22910
23659
24707
24380
18364
6302
23776
23745
11279
18370
10663
54
6437
18240
23887
5026
24338
3189
22811
4133
10541
22737
8271
22244
17097
12727
22520
724
10662
12793
4813
23677
7002
24375
10731
16133
3188
17125
24458
16015
8717
12114
20086
20056
5064
8300
24789
24078
17346
24063
5549
16582
21351
6078
9993
16328
23303
24520
16461
10195
3587
6183
9990
24146
4622
7444
21502
21840
2827
22377
21360
19921
11588
14200
13735
24064
12733
7083
2901
21724
23423
21734
23889
23892
11528
8947
18175
23890
15707
5795
20766
23165
21829
731
9021
21836
20765
668
23879
19410
24432
23574
23415
21601
21404
23241
7989
22759
21401
21465
7105
24260
16072
11424
3916
24469
23680
23272
8569
24606
23532
9581
23249
21490
22733
12010
21501
19971
15680
13883
12828
9076
9063
15333
5309
18251
21779
16250
21910
22830
21869
25238
14641
22289
24258
23520
20428
24098
9963
9505
24387
22411
6645
14793
16630
24456
9473
15886
9707
17378
21772
18045
17628
21460
22820
22925
21883
16127
22819
17449
15672
24479
13178
15931
24884
10798
16266
7078
11780
24018
12494
20910
16387
24517
22345
11536
18151
22346
16169
18927
8089
19774
24847
22760
12789
7135
20099
24353
23790
17630
24488
20726
11282
17455
12622
21616
20842
24631
15343
21689
24513
15534
19643
12758
17700
16209
17670
12806
10343
4890
10582
6936
7959
4102
24346
23650
16557
5968
11180
16953
3774
19823
19871
13302
5573
8405
24651
20388
10785
10553
3415
12968
12116
10669
11450
19227
22704
22504
7414
19784
18051
16575
19802
16903
15484
12875
23268
8902
247
18759
18757
13107
248
12636
23314
11456
18760
23694
7026
23375
13105
14450
9244
10603
23545
10243
13048
13293
23448
15715
207
15147
19477
6983
4215
13103
7251
15887
251
15762
23717
13617
15891
13615
12853
23306
11124
4328
13970
11241
22261
12365
10974
21852
10975
12866
23743
23258
3944
6934
12488
13115
22348
19735
14481
20244
4936
23490
11166
17036
6037
18241
7149
13747
20205
22050
12441
5387
20204
9848
15458
23095
24126
9533
13583
21480
17186
16740
20719
14237
24125
23959
8812
23215
9889
11248
755
21226
23216
9853
21767
17746
23786
24419
8421
11754
23575
11697
7350
19747
6101
23466
6102
24248
21630
21807
10788
8816
17009
12417
16367
6069
24536
22219
17496
17497
14544
4347
11304
20255
21995
18671
18061
16102
19772
10924
11298
24429
10348
24685
20334
7813
23974
21484
21797
16265
12275
19010
15789
22095
23794
21749
21707
16158
18419
11183
24797
21632
18203
15492
17506
22296
24212
23861
21238
22774
15903
21621
24208
23667
20681
20285
16118
21897
23316
15884
12777
15889
14841
21517
20253
21787
22157
11665
18858
22159
18815
17615
12991
21535
3050
19810
23655
16384
24209
18850
22818
21629
19808
15569
17482
23670
21794
21580
8397
4654
6454
6460
12011
4243
20807
14281
14903
12915
6347
22277
13359
11975
10475
16700
24174
5356
11205
11995
18
22482
13371
7420
24526
7486
6955
4809
20228
21428
6945
17222
12414
4957
20203
11607
10949
12870
14026
12833
5319
24462
5485
24724
5484
6996
23789
22240
19565
20297
8863
22612
16854
5020
12736
7230
12331
6567
21378
12399
20805
10870
8490
25122
24595
17022
22163
11245
10776
12737
13357
14054
11246
3750
10161
13364
21302
13361
25369
19251
24350
8527
13362
13366
13360
16096
23569
4137
11649
13234
8818
3540
7417
7120
22692
6942
12382
17392
24894
7407
8110
10738
16938
14461
8013
10169
5477
7164
23707
4017
13847
10532
22942
21605
17384
9421
12899
5283
13867
13375
10696
8109
9294
21377
23983
9385
22358
5361
6051
9137
11943
4780
20701
9295
22519
9371
22053
4995
22359
22360
8088
3371
23225
13475
10639
10393
3006
10392
22716
17253
24661
22205
24628
22437
14413
23437
22435
20712
14639
310
8087
479
17126
4781
23436
4784
23438
11997
22433
9384
3922
4783
6496
14712
22335
23811
20233
24416
24627
4782
14212
14156
8365
18657
19426
9372
14734
24047
10539
4785
11453
19167
14803
23463
20789
13368
8500
23513
13334
8721
4174
12629
23806
24623
23403
24038
24625
22782
23409
20141
4326
16568
21464
15740
24096
23915
21690
22518
16622
12282
18898
23275
22262
22166
5501
23927
12768
10464
23826
23435
5040
17978
9952
20715
16892
21865
14174
13020
16749
20317
22858
23884
7136
4969
16449
10237
14988
23764
24710
21681
23493
7324
24540
12569
24481
24885
6418
21368
20744
8120
12211
20385
10084
22523
6298
19778
8581
14261
6184
23955
1001
14518
24328
17246
20104
14365
4360
24215
22564
16414
18335
5754
24294
14279
12802
22448
5140
11781
3311
6085
21874
8719
21815
11187
20197
22483
23698
11580
16657
12099
23843
23842
5395
23963
3638
4962
4266
23964
21951
4250
23793
8866
17034
11867
17035
22009
11240
6974
6973
22804
21901
23813
5141
7242
17185
10368
21902
8825
5553
23533
11354
23968
23697
24026
24166
10355
18802
23217
18274
19668
11572
21523
4155
7163
19901
21372
6042
23683
18410
14671
14134
24341
14906
8638
9838
18511
21684
19590
19588
23447
20376
4224
24354
13709
20374
20375
6780
24016
23931
11344
23702
24141
7506
19563
23703
17025
18575
16426
22015
13908
13909
13907
8153
15036
16844
16843
24509
20300
24672
24887
20177
22488
22392
24886
10531
11591
20855
21609
20431
24983
4711
8132
5198
25239
20790
23299
22559
9357
24984
11441
8188
24985
10332
3963
23444
12721
8892
23664
3093
9044
23298
24195
23980
10428
24197
22168
14876
14126
22167
23246
3965
23735
750
21237
8610
18108
24261
19439
13727
4097
12808
11703
11556
17082
12000
3058
4239
14687
23918
18127
13439
20288
19856
13784
7604
22506
267
13688
7878
24077
24674
23260
18119
7100
12599
15365
187
24143
5039
13189
21739
12076
23295
8161
21231
15341
9487
10274
12693
9567
12695
9339
15342
11545
7470
7474
15436
7499
7498
17365
17368
7473
7497
15435
6727
5627
17596
14464
16466
20223
10353
21364
23598
17388
21619
24483
21620
11349
23528
6378
8468
16087
11208
21357
16776
9791
16269
22828
12792
14133
8393
16468
9854
8645
19844
25016
21728
20094
5440
9618
20153
22521
17334
3795
17457
10098
20152
23883
21727
21437
14842
23536
21928
13669
23227
23850
24082
24217
22282
5321
9570
24865
19976
14738
22283
6540
5320
12084
7883
8480
4914
21680
6552
22281
23932
5488
22284
11493
22279
13347
22280
16800
8730
6676
14423
18284
20079
4149
19831
7423
22312
23872
10333
21324
9242
365
7244
7786
24318
22311
21916
21458
20201
18035
11792
16354
14382
4185
16011
18603
701
24348
18209
20763
652
10847
6402
252
17847
149
8129
23699
8413
636
22156
15374
9219
3032
7093
10773
21950
13181
22756
9128
654
689
21406
3221
24507
22686
16610
20772
22762
22851
10021
21384
22534
23397
18308
25236
24110
24048
20835
15773
13661
673
24974
327
24916
22972
23345
24911
208
25244
24686
772
11444
753
17621
23816
24103
23855
11841
23360
12517
14914
22199
24769
24900
18984
3641
9121
24914
24250
19707
13900
24099
18069
7021
11454
21533
21330
21834
24337
23542
21921
16412
127
21932
23465
21354
9161
16802
24729
9001
24437
21514
23716
19990
21963
22344
20325
20410
21965
23515
22077
19991
22674
13472
6566
20313
18244
19591
8203
6210
19696
23240
18886
19412
16311
9527
8424
13466
4546
8814
8886
21323
20240
12596
19452
3781
5628
23492
3708
24133
12126
21893
21337
7797
6990
23312
12597
21899
11338
23350
22563
16597
12820
12563
19887
11312
16377
13348
20350
15654
10862
16831
11924
6901
15725
9923
13266
12339
15930
4902
17796
12302
16832
24454
23668
24764
16828
23835
13744
9728
23593
13833
18458
12359
17594
16525
12670
23361
17113
17264
11093
24167
20716
23580
17315
24171
24153
19853
24170
18884
21346
18519
24659
20739
22371
21321
7615
8295
12798
16458
13388
18094
19918
22370
23916
6407
23507
3296
13670
6221
15024
4602
6976
12717
24349
20741
23871
24832
4008
22857
10518
15703
24601
3033
10632
13896
5189
23781
17086
19886
12115
13893
5188
20250
5243
13895
15758
24193
10902
20316
9503
19935
24455
21233
24451
10921
24157
24482
16320
23953
22718
24452
5681
24021
7161
21927
7079
4545
19380
23274
24040
24181
21816
18030
6209
6299
12928
21438
22326
24889
11503
5683
4812
21375
4798
4707
15594
9377
15827
13053
12973
23921
16556
16555
13329
14363
24515
24017
19746
20736
14361
6272
23944
20737
11918
24119
24862
24514
23682
23938
11419
22008
15373
23381
17294
22011
9045
9386
23736
14523
17385
11339
11341
23778
14694
10143
10437
20754
16176
13552
16756
14904
9626
17802
22201
13542
8406
21822
20483
20166
15524
16930
10752
24161
12364
24490
24162
16816
24863
24486
12846
10064
4454
22745
22852
21338
10405
6455
8790
18514
22744
5175
22853
24857
22104
24263
21462
23612
22693
16212
14238
23613
16226
24798
16215
20335
24223
12857
10581
23213
24459
21304
22129
14069
18064
9191
17318
18065
10982
17324
21843
23936
18861
10963
23419
19572
18140
21693
15661
12209
16163
19502
19891
14714
24922
12218
21479
17426
24921
24920
24919
24918
7788
19398
17320
23237
22614
4641
13073
22495
10095
6510
22771
19420
14762
24820
21688
19947
16685
21386
13822
23443
10354
12456
22045
14503
10055
23297
11947
20249
21962
20000
23762
23954
22336
23782
23537
8080
24059
9840
14785
23145
16174
25264
19884
18908
13108
13265
6892
17229
23828
24756
12347
12313
23665
13523
12697
12397
13588
16961
20420
18630
12373
12713
11158
24449
22580
22087
20481
12393
11000
18629
4848
13714
13580
19857
22837
12453
22320
18734
12447
12696
8284
17203
11030
9403
13811
21607
9402
23685
18072
17658
20039
24626
15226
18270
13657
24095
20040
24092
18227
6169
4745
24799
19587
13537
22332
20482
24506
8204
18871
24743
24504
12430
24448
24505
19564
18121
21743
17348
21171
20195
17011
19897
14962
11425
12927
16407
13072
12900
11676
12977
22123
17338
23799
8565
23344
11472
21785
21127
14524
23434
7904
12926
22191
24327
21235
15084
23939
10526
15083
9010
12106
23774
8514
13227
13916
21813
10577
20347
6832
24290
8626
23876
22004
24447
23913
3734
13783
7172
22165
8130
23561
11085
12791
9511
15877
12167
24564
24450
24630
19567
15878
11563
24619
24117
24660
21474
24293
24779
24563
8114
21870
23343
16012
18260
12395
17072
18744
21729
20745
17228
21730
11156
14676
24189
14679
13582
14675
12394
13511
17778
11009
24136
16962
11159
11455
13584
18627
14674
13514
17029
13581
21733
13586
24494
24655
24612
24412
23956
13590
24593
21826
15640
15251
24339
12375
24538
21732
13269
24516
22501
15205
21825
13512
22622
24614
24613
23666
24558
12305
15359
24665
4849
15221
24757
24609
24537
15655
25020
25019
24347
25018
25021
16617
17332
18838
22952
23700
18503
19956
20145
19957
18570
16730
17198
13755
24677
19955
14608
12398
20055
15151
17977
17191
24186
23917
24663
22304
11986
18801
9778
19782
19717
23614
19855
11720
16699
24673
21997
21911
21799
22054
13948
5470
15450
7082
20725
14913
24726
5911
19851
21708
23829
20232
22836
17461
13788
10676
4921
15592
13825
17511
24207
22234
21856
17512
4895
19428
4894
15622
19032
19432
22329
12366
5891
4859
18990
19433
19574
18483
11719
19779
19738
21889
19737
15553
19736
19741
23891
19734
19740
21792
19733
24960
21888
20485
18484
19739
14637
15546
21685
13805
4886
4885
14905
24859
9381
21714
23616
24858
21713
23617
9362
23652
4906
14952
13263
21711
13249
9735
16914
14145
23615
20109
4897
21712
23714
24870
21898
15493
17481
10860
17480
10528
15491
17304
11004
10529
17307
23713
11902
10861
17479
20238
22856
12515
23787
17603
10694
10695
20515
5667
8280
19389
17604
16091
23788
3747
12351
8400
18095
21881
21765
24087
19922
20108
8641
11002
15413
16748
16927
14147
17230
19924
24703
21676
14251
3397
7418
18351
16221
10899
9721
4946
5741
21577
24107
18650
8304
15081
9622
23742
24782
6731
22683
11990
23795
17103
8099
18215
18249
20654
22271
15010
25013
22153
7759
19745
23405
23869
23305
21370
18282
22152
23404
13648
7760
14179
11970
20403
23602
22556
23925
417
7330
24330
16493
19929
9884
16965
8103
23767
14343
16750
8923
6220
16113
19669
16942
16379
23226
23368
4042
14563
20118
18079
9876
24252
7462
8693
16451
21229
7198
17077
6188
11186
23206
11138
19834
18225
21336
19589
23383
6128
7935
14822
12005
22347
24291
16864
18693
7676
22196
8934
9330
21312
24861
23442
8628
23214
2856
23511
21764
3231
3805
2939
24860
21871
9880
24175
24214
24130
12069
5619
23270
11109
22484
22485
22299
24422
24423
24741
15117
17610
10548
12217
24489
24196
21939
8563
8548
13484
6424
7742
13480
22149
8030
23244
24245
23849
23269
17239
3543
24112
22033
18104
3861
23259
4054
16655
24620
7830
24046
4053
6427
23398
19373
7732
24131
5604
15324
24211
13601
24386
19800
6559
21924
24336
5971
21379
10244
24744
20021
10285
17303
5953
13052
24317
15337
24305
22237
19708
17595
20219
24621
24511
21867
21355
24687
24439
24297
21737
22653
12966
18571
25015
24683
24682
24288
4106
24510
24684
20293
8755
9224
8572
20256
22548
19367
24678
14631
21748
10824
19453
22672
24679
22355
18740
21385
21923
4267
17322
16460
16310
7974
23530
8680
10829
13201
15382
265
18661
16208
9225
16217
18663
16327
16322
16956
19927
6914
17235
19417
11353
23802
13828
11570
18339
21180
4116
24542
4115
22526
23678
21578
13625
21738
10100
24589
24543
6985
10760
23148
25299
16771
21309
24695
23388
25302
18736
17133
